# Data for stock assessment exercise
# minAge
 1
# maxAge
 7
# minYear
 1963
# maxYear
 2007
# catch in numbers
19444.837 13118.241 114227.87 127145.598 61269.733 37100.944 5461.646 107718.007 305050.177 42274.493 112314.619 140339.092 170718.546 233648.556 549789.528 58773.675 619439.901 1252297.013 177156.57 250252.371 81210.844 605545.675 72503.977 665992.143 49647.232 36941.546 200504.418 45932.317 61575.89 131989.022 38895.703 340259.637 61142.608 19388.591 111076.923 16863.777 37491.471 46275.062 7819.998 20564.877 8911.344 13454.039 12792.07 28596.34 15783.769
62593.828 28684.904 58520.463 84752.213 95755.973 106909.197 33005.179 42617.248 192756.707 247326.889 49229.622 74877.619 63439.375 183912.271 99307.099 254203.922 96998.845 122459.92 223565.754 73746.903 140868.927 79021.925 154827.345 38221.068 190476.131 72509.089 45108.528 102988.318 31950.495 42124.326 84390.413 42290.929 107669.779 60180.674 43085.446 172876.909 15467.853 28682.77 54778.105 10492.365 19591.334 8744.425 13882.637 10494.77 27175.295
7063.356 20219.961 17735.357 29915.973 32853.795 42783.943 31691.057 18640.358 17265.958 48304.061 55178.17 11475.574 18943.881 18766.379 26087.039 17257.985 44653.365 35055.911 34900.952 60509.591 21687.175 31281.26 19110.728 34413.332 9800.274 44172.434 18685.393 11984.889 17230.218 8683.818 11371.562 21305.684 12973.684 24138.375 18686.82 18471.922 40661.681 6471.848 6972.277 15223.454 4628.634 6106.834 2972.583 5251.431 3944.673
3536.395 4306.383 9181.567 6184.356 11261.016 12392.279 13710.166 13338.681 6754.004 5681.885 14072.35 15824.271 4663.275 6740.97 4614.644 9439.763 4035.171 12315.831 9019.152 9567.219 11900.253 4263.735 7822.99 5814.108 8723.455 3133.981 9865.819 4339.136 3310.346 5007.222 3189.599 3083.158 5300.68 3168.526 6498.575 5966.899 4034.169 6696.758 1142.486 2518.759 2728.346 1965.168 1646.199 1067.673 1896.79
2788.351 1917.283 2387.073 3378.852 3271.029 6076.067 4565.201 6297.105 7100.887 2726.425 2205.739 4623.754 7563.138 1740.771 2294.229 3002.984 3395.086 1964.669 4118.062 3475.725 2830.395 3435.782 1376.689 2992.532 1534.31 2557.453 1001.946 2467.635 1390.165 1060.218 1577.319 869.856 802.213 1859.583 1238.443 2401.719 1445.5 1021.119 1079.773 366.071 460.41 987.633 478.44 482.577 355.025
1212.944 1817.726 950.478 1278.165 1973.587 1414.395 2895.464 1762.699 2699.838 3200.544 1109.026 961.01 2067.241 3070.92 836.184 1108.077 712.451 1272.915 784.626 2065.055 1257.636 1019.035 1264.596 603.986 1075.412 655.493 1035.953 310.071 1053.029 490.691 434.902 519.236 286.177 398.547 699.952 509.215 625.659 384.915 144.053 348.652 68.281 149.658 394.377 153.37 138.574
592.002 825.923 1090.226 1111.988 1438.023 1465.309 1281.17 1494.192 1749.463 2811.582 1848.745 1434.065 1032.291 1227.915 1900.979 1047.602 754.678 847.356 860.309 785.061 916.392 804.485 670.908 863.077 565.162 465.157 458.966 445.374 405.858 447.48 352.966 254.168 225.244 304.105 239.874 309.158 339.669 203.181 132.503 101.28 73.795 76.829 65.584 144.4 84.362

# stock mean weight
0.314 0.357 0.313 0.314 0.326 0.328 0.416 0.449 0.313 0.3 0.335 0.304 0.304 0.199 0.295 0.432 0.291 0.258 0.329 0.358 0.403 0.304 0.314 0.293 0.437 0.466 0.364 0.382 0.392 0.395 0.327 0.305 0.42 0.433 0.386 0.372 0.317 0.354 0.372 0.456 0.275 0.341 0.348 0.217 0.271
0.808 0.762 0.9 0.836 0.868 0.847 0.755 0.845 0.834 0.729 0.7 0.901 0.76 0.722 0.673 0.743 0.905 0.917 0.769 0.908 0.882 0.921 0.8 0.782 0.773 0.753 0.931 0.69 0.889 0.97 0.845 0.788 0.768 0.831 0.797 0.633 0.732 0.903 0.605 0.916 0.752 0.671 0.895 0.771 0.858
2.647 2.367 2.295 2.437 2.395 2.215 2.127 2.028 2.188 2.08 1.912 2.206 2.348 2.449 2.128 2.001 2.411 1.948 2.186 1.856 1.833 2.156 2.132 1.822 1.955 1.974 1.81 2.165 1.994 2.545 2.478 2.188 2.207 2.095 2.117 1.622 1.405 1.747 2.093 1.712 1.533 1.713 1.945 1.972 2.186
4.491 4.528 4.512 4.169 3.153 4.094 3.852 4.001 4.258 3.968 3.776 4.156 4.226 4.577 4.606 4.146 4.423 4.401 4.615 4.13 3.88 3.972 4.164 3.504 3.65 3.187 3.585 3.791 3.971 4.223 4.551 4.471 4.293 4.034 3.821 3.495 3.305 3.216 3.663 3.857 3.191 3.096 3.695 3.61 4.063
6.794 6.447 7.274 7.027 6.803 5.341 5.715 6.131 6.528 6.011 5.488 6.174 6.404 6.494 6.714 6.53 6.579 6.109 7.045 6.785 6.491 6.19 6.324 6.23 6.052 5.992 5.273 5.931 6.082 6.247 6.54 7.167 7.22 6.637 6.228 5.387 5.726 4.903 5.871 5.372 5.113 5.172 5.055 5.59 5.606
9.409 8.52 9.498 9.599 9.61 8.02 6.722 7.945 8.646 8.246 7.453 8.333 8.691 8.62 8.828 8.667 8.474 9.12 8.884 8.903 8.423 8.362 8.43 8.14 8.307 7.914 7.921 7.89 8.033 8.483 8.094 8.436 8.98 8.494 8.394 7.563 7.403 7.488 7.333 7.991 7.27 7.426 7.555 6.848 8.466
11.9405996601363 10.8862810407266 12.1943645473507 12.5355232214736 12.4383192278566 9.4813908411127 9.7935517823552 10.5119765351441 11.3120713710436 10.2984139683637 9.76008056059651 11.3140859298567 11.2838271911699 10.7772439403379 10.7641927012345 10.9174418233260 11.6163171591063 10.8428501338280 10.8631778907346 11.5057548865630 10.7278341539429 11.1156226977507 11.5020986722472 10.8777735068829 11.7773112399631 11.3685665807459 10.85178020812 11.0778835383296 10.4625536739451 10.5642210467507 10.3802053030604 10.3629062627868 10.9229418097707 10.5575595501554 10.7199207583982 10.1181308360127 9.31419209877852 10.0184222491276 9.8492546885731 10.2047126579779 9.8288833118775 9.50912128232829 10.2324164277873 9.26988137811634 9.72756494630284

# prop mature
0.01 0.01 0.01 0.01 0.01 0.01 0.01 0.01 0.01 0.01 0.01 0.01 0.01 0.01 0.01 0.01 0.01 0.01 0.01 0.01 0.01 0.01 0.01 0.01 0.01 0.01 0.01 0.01 0.01 0.01 0.01 0.01 0.01 0.01 0.01 0.01 0.01 0.01 0.01 0.01 0.01 0.01 0.01 0.01 0.01
0.05 0.05 0.05 0.05 0.05 0.05 0.05 0.05 0.05 0.05 0.05 0.05 0.05 0.05 0.05 0.05 0.05 0.05 0.05 0.05 0.05 0.05 0.05 0.05 0.05 0.05 0.05 0.05 0.05 0.05 0.05 0.05 0.05 0.05 0.05 0.05 0.05 0.05 0.05 0.05 0.05 0.05 0.05 0.05 0.05
0.23 0.23 0.23 0.23 0.23 0.23 0.23 0.23 0.23 0.23 0.23 0.23 0.23 0.23 0.23 0.23 0.23 0.23 0.23 0.23 0.23 0.23 0.23 0.23 0.23 0.23 0.23 0.23 0.23 0.23 0.23 0.23 0.23 0.23 0.23 0.23 0.23 0.23 0.23 0.23 0.23 0.23 0.23 0.23 0.23
0.62 0.62 0.62 0.62 0.62 0.62 0.62 0.62 0.62 0.62 0.62 0.62 0.62 0.62 0.62 0.62 0.62 0.62 0.62 0.62 0.62 0.62 0.62 0.62 0.62 0.62 0.62 0.62 0.62 0.62 0.62 0.62 0.62 0.62 0.62 0.62 0.62 0.62 0.62 0.62 0.62 0.62 0.62 0.62 0.62
0.86 0.86 0.86 0.86 0.86 0.86 0.86 0.86 0.86 0.86 0.86 0.86 0.86 0.86 0.86 0.86 0.86 0.86 0.86 0.86 0.86 0.86 0.86 0.86 0.86 0.86 0.86 0.86 0.86 0.86 0.86 0.86 0.86 0.86 0.86 0.86 0.86 0.86 0.86 0.86 0.86 0.86 0.86 0.86 0.86
1 1 1 1 1 1 1 1 1 1 1 1 1 1 1 1 1 1 1 1 1 1 1 1 1 1 1 1 1 1 1 1 1 1 1 1 1 1 1 1 1 1 1 1 1
1 1 1 1 1 1 1 1 1 1 1 1 1 1 1 1 1 1 1 1 1 1 1 1 1 1 1 1 1 1 1 1 1 1 1 1 1 1 1 1 1 1 1 1 1

# Assumed M
0.8 0.8 0.8 0.8 0.8 0.8 0.8 0.8 0.8 0.8 0.8 0.8 0.8 0.8 0.8 0.8 0.8 0.8 0.8 0.8 0.8 0.8 0.8 0.8 0.8 0.8 0.8 0.8 0.8 0.8 0.8 0.8 0.8 0.8 0.8 0.8 0.8 0.8 0.8 0.8 0.8 0.8 0.8 0.8 0.8
0.35 0.35 0.35 0.35 0.35 0.35 0.35 0.35 0.35 0.35 0.35 0.35 0.35 0.35 0.35 0.35 0.35 0.35 0.35 0.35 0.35 0.35 0.35 0.35 0.35 0.35 0.35 0.35 0.35 0.35 0.35 0.35 0.35 0.35 0.35 0.35 0.35 0.35 0.35 0.35 0.35 0.35 0.35 0.35 0.35
0.25 0.25 0.25 0.25 0.25 0.25 0.25 0.25 0.25 0.25 0.25 0.25 0.25 0.25 0.25 0.25 0.25 0.25 0.25 0.25 0.25 0.25 0.25 0.25 0.25 0.25 0.25 0.25 0.25 0.25 0.25 0.25 0.25 0.25 0.25 0.25 0.25 0.25 0.25 0.25 0.25 0.25 0.25 0.25 0.25
0.2 0.2 0.2 0.2 0.2 0.2 0.2 0.2 0.2 0.2 0.2 0.2 0.2 0.2 0.2 0.2 0.2 0.2 0.2 0.2 0.2 0.2 0.2 0.2 0.2 0.2 0.2 0.2 0.2 0.2 0.2 0.2 0.2 0.2 0.2 0.2 0.2 0.2 0.2 0.2 0.2 0.2 0.2 0.2 0.2
0.2 0.2 0.2 0.2 0.2 0.2 0.2 0.2 0.2 0.2 0.2 0.2 0.2 0.2 0.2 0.2 0.2 0.2 0.2 0.2 0.2 0.2 0.2 0.2 0.2 0.2 0.2 0.2 0.2 0.2 0.2 0.2 0.2 0.2 0.2 0.2 0.2 0.2 0.2 0.2 0.2 0.2 0.2 0.2 0.2
0.2 0.2 0.2 0.2 0.2 0.2 0.2 0.2 0.2 0.2 0.2 0.2 0.2 0.2 0.2 0.2 0.2 0.2 0.2 0.2 0.2 0.2 0.2 0.2 0.2 0.2 0.2 0.2 0.2 0.2 0.2 0.2 0.2 0.2 0.2 0.2 0.2 0.2 0.2 0.2 0.2 0.2 0.2 0.2 0.2
0.2 0.2 0.2 0.2 0.2 0.2 0.2 0.2 0.2 0.2 0.2 0.2 0.2 0.2 0.2 0.2 0.2 0.2 0.2 0.2 0.2 0.2 0.2 0.2 0.2 0.2 0.2 0.2 0.2 0.2 0.2 0.2 0.2 0.2 0.2 0.2 0.2 0.2 0.2 0.2 0.2 0.2 0.2 0.2 0.2

# minAgeS
 1
# maxAgeS
 5
# minYearS
 1983
# maxYearS
 2007
# survey time (fraction into year)
 0.125
# Q1 survey
4.734 15.856 0.928 16.785 9.425 5.638 15.117 3.953 2.481 13.129 13.088 14.66 9.832 3.441 39.951 2.672 2.112 6.563 2.786 7.755 0.584 6.722 2.272 6.642 3.091
16.699 8.958 18.782 3.627 28.833 6.334 6.328 15.665 4.714 4.346 19.521 4.387 22.062 7.97 6.897 26.368 1.583 3.767 8.647 3.38 2.86 2.051 2.197 1.644 5.83
2.749 4.059 3.217 7.079 1.515 6.204 5.044 1.885 4.254 1.183 2.025 2.876 2.731 5.922 2.247 2.003 8.078 0.738 1.659 4.278 1.144 1.293 0.629 0.994 1.222
1.932 0.905 1.744 2.242 1.789 0.658 2.345 1.034 0.861 0.996 0.688 0.815 1.105 0.679 1.069 0.884 0.764 2.05 0.231 0.496 1.361 0.302 0.551 0.293 0.423
0.798 0.976 0.476 1.28 0.636 0.86 0.394 0.967 0.42 0.288 0.565 0.483 0.276 0.639 0.458 0.505 0.439 0.387 0.394 0.119 0.514 0.497 0.227 0.152 0.261
# End of input
