# Number of parameters = 107 Objective function value = 158.626074335926  Maximum gradient component = 5.45776251932554e-005
# logN1Y:
 12.4421077283690 11.7644839267860 10.4149650269867 9.67518481848383 9.61672148508889 8.92590435652090 8.14859213010651
# logN1A:
 12.9460003129796 13.2571443734131 13.4898078499210 13.3011155159124 12.5330665948475 12.2744752492813 13.5539875003369 14.0270908379972 12.6584276317526 13.0846211288855 13.0839255465198 13.5962005440085 13.2266007467631 14.1011849239849 13.4993895387564 13.9117561034630 14.2861327054866 13.2833059512856 13.6378861969051 13.0272671483240 13.6465850227806 12.3669688699807 13.7808041984002 12.8481883256317 12.5482354949324 13.1204376375807 12.3494661337265 12.3543404484411 13.1120005876945 12.6590896179411 13.2881176065362 12.7756383605654 12.4431627487848 13.5155716827624 11.7240743942523 12.0998994324603 12.5634767762781 11.4746389644106 11.6571492533463 11.0249929247125 11.5663093659083 11.2998149728139 12.3557344329112 11.8505461593294
# logFY:
 -1.56777116367141 -1.67335447458029 -1.36815601025846 -1.24345543235854 -1.19791909949155 -1.11971939046733 -1.43724668001114 -1.25881862577644 -0.967460795752577 -0.866281982195351 -0.884143643728648 -0.827017507120032 -0.802885698662570 -0.681925594716258 -0.677789719431486 -0.620214853371303 -0.731924586594423 -0.525553812696541 -0.562801738038484 -0.376293267500755 -0.611848605876897 -0.597418378089412 -0.691922771601924 -0.564952055891895 -0.599656807833303 -0.732086743248224 -0.522955472034272 -0.655697778793013 -0.541673537707434 -0.766738931070457 -0.653024954976075 -0.535514841908262 -0.656787162042174 -0.625048083995198 -0.660556727709900 -0.451802247361011 -0.369447524892727 -0.479206423739174 -0.821962539479270 -0.622637794364067 -0.974455927333181 -0.792680342301300 -0.987427970137917 -1.22600886719760 -1.38752302295513
# logFA:
 -0.352158438542120 0.654894289605709 0.617224969368479 0.391870860721502
# logVarLogCatch:
-2.18566390472
# logQ:
 -10.5946053388 -9.32021237121 -9.01707782014 -8.91378693733 -8.68012351807
# logVarLogSurvey:
-1.94343647156
