# Number of parameters = 75 Objective function value = 58.4655070774973  Maximum gradient component = 7.62409236472331e-005
# logN1:
 1.88576701611635 1.86818208551957 1.58243684297737 1.43295860382575 1.07115648906667 0.815343172571225 0.469831687807984 0.548891181852346 0.283019231375268 -0.131733949686039 -1.22939048416615 -0.536707684449937
# logR:
 1.92750645060519 2.29940036839343 2.22114699533215 2.15427052674211 2.38131128830969 2.40925233514829 2.30591853697737 2.31081673440987 2.17043315694653 2.35223255871345 2.17869613966311 2.28806569212528 2.35356388204245 2.47995333936829 2.41564309272371 2.35559568267961 2.14888323229716 2.69400053017589 2.51262142614724 2.00288712280823
# recdevs:
 0.00000000000000 0.00000000000000 0.00000000000000 0.00000000000000 0.00000000000000 0.00000000000000 0.00000000000000 0.00000000000000 0.00000000000000 0.00000000000000 0.00000000000000 0.00000000000000 0.00000000000000 0.00000000000000 0.00000000000000 0.00000000000000 0.00000000000000 0.00000000000000 0.00000000000000 0.00000000000000
# Sel50:
4.50958465414
# Sel95:
7.80649697050
# logF:
 -2.05721905712 -1.43012649993 -1.06849393310 -0.807050992906 -0.582720116471 -0.358780438092 -0.164416846646 0.00873446139492 0.149835254042 0.218329580204 0.146055144358 0.0890583452221 0.0495908679715 0.0146521983168 -0.0378321752004 -0.108925467619 -0.221109327633 -0.371385683343 -0.519994576559 -0.670635332683
# logq:
-0.0933436371711
